[redshift]
temp-day=6500
temp-night=4000
transition=1
location-provider=manual

[manual]
lat=53.56353580988907
lon=9.995158097943369

